B rank energy bp_bound eig1 eig2 eig3 eig4 eig5 eig6 eig7 eig8 eig9 eig10 eig11 eig12 eig13 eig14 eig15 eig16 eig17 eig18
0.0500 1 -1.44015809 1 1.0000000003 0.0000000034 0.0000000023 0.0000000019 0.0000000016 0.0000000015 0.0000000009 0.0000000009 0.0000000007 0.0000000007 0.0000000007 0.0000000007 0.0000000006 0.0000000005 0.0000000005 0.0000000005 0.0000000005 0.0000000005
0.1000 1 -1.38062485 1 1.0000000024 0.0000000022 0.0000000015 0.0000000013 0.0000000011 0.0000000010 0.0000000007 0.0000000006 0.0000000006 0.0000000005 0.0000000005 0.0000000005 0.0000000005 0.0000000004 0.0000000004 0.0000000004 0.0000000004 0.0000000004
0.1500 1 -1.32138922 1 1.0000000027 0.0000000021 0.0000000015 0.0000000014 0.0000000011 0.0000000011 0.0000000007 0.0000000007 0.0000000006 0.0000000006 0.0000000005 0.0000000005 0.0000000005 0.0000000005 0.0000000004 0.0000000004 0.0000000004 0.0000000004
0.2000 1 -1.26244047 1 1.0000000006 0.0000000017 0.0000000011 0.0000000011 0.0000000008 0.0000000008 0.0000000006 0.0000000005 0.0000000005 0.0000000005 0.0000000005 0.0000000004 0.0000000004 0.0000000004 0.0000000004 0.0000000003 0.0000000003 0.0000000003
0.2500 1 -1.20376823 1 0.9999999937 0.0000000029 0.0000000019 0.0000000018 0.0000000014 0.0000000014 0.0000000009 0.0000000008 0.0000000007 0.0000000007 0.0000000007 0.0000000007 0.0000000006 0.0000000005 0.0000000005 0.0000000005 0.0000000005 0.0000000005
0.3000 1 -1.14536240 1 1.0000000055 0.0000000005 0.0000000004 0.0000000003 0.0000000003 0.0000000003 0.0000000002 0.0000000002 0.0000000002 0.0000000002 0.0000000002 0.0000000001 0.0000000001 0.0000000001 0.0000000001 0.0000000001 0.0000000000 0.0000000000
0.3500 1 -1.08721327 1 1.0000000038 0.0000000002 0.0000000002 0.0000000002 0.0000000002 0.0000000001 0.0000000001 0.0000000001 0.0000000001 0.0000000001 0.0000000001 0.0000000001 0.0000000001 0.0000000001 0.0000000001 0.0000000001 0.0000000001 0.0000000000
0.4000 1 -1.02931142 1 0.9999999930 0.0000000026 0.0000000017 0.0000000015 0.0000000013 0.0000000012 0.0000000008 0.0000000006 0.0000000006 0.0000000005 0.0000000005 0.0000000004 0.0000000004 0.0000000004 0.0000000004 0.0000000004 0.0000000003 0.0000000003
0.4500 1 -0.97164777 1 0.9999999996 0.0000000007 0.0000000005 0.0000000005 0.0000000004 0.0000000003 0.0000000002 0.0000000002 0.0000000002 0.0000000002 0.0000000002 0.0000000002 0.0000000002 0.0000000002 0.0000000001 0.0000000001 0.0000000001 0.0000000001
0.5000 1 -0.91421356 1 1.0000000004 0.0000000010 0.0000000007 0.0000000006 0.0000000005 0.0000000005 0.0000000003 0.0000000003 0.0000000003 0.0000000003 0.0000000002 0.0000000002 0.0000000002 0.0000000002 0.0000000002 0.0000000002 0.0000000002 0.0000000002
0.5500 1 -0.85700035 1 1.0000000001 0.0000000013 0.0000000009 0.0000000008 0.0000000006 0.0000000006 0.0000000004 0.0000000004 0.0000000003 0.0000000003 0.0000000003 0.0000000003 0.0000000003 0.0000000003 0.0000000002 0.0000000002 0.0000000002 0.0000000002
0.6000 1 -0.80000000 1 1.0000000007 0.0000000007 0.0000000005 0.0000000004 0.0000000003 0.0000000003 0.0000000002 0.0000000002 0.0000000002 0.0000000002 0.0000000002 0.0000000002 0.0000000002 0.0000000002 0.0000000001 0.0000000001 0.0000000001 0.0000000001
0.6500 1 -0.74320469 1 0.9999999993 0.0000000011 0.0000000007 0.0000000007 0.0000000006 0.0000000005 0.0000000004 0.0000000003 0.0000000003 0.0000000003 0.0000000003 0.0000000002 0.0000000002 0.0000000002 0.0000000002 0.0000000002 0.0000000002 0.0000000002
0.7000 1 -0.68660687 1 0.9999999946 0.0000000020 0.0000000013 0.0000000013 0.0000000010 0.0000000009 0.0000000007 0.0000000005 0.0000000005 0.0000000004 0.0000000004 0.0000000004 0.0000000004 0.0000000003 0.0000000003 0.0000000003 0.0000000003 0.0000000003
0.7500 1 -0.63019932 1 1.0000000025 0.0000000008 0.0000000006 0.0000000005 0.0000000004 0.0000000004 0.0000000003 0.0000000003 0.0000000002 0.0000000002 0.0000000002 0.0000000002 0.0000000002 0.0000000002 0.0000000002 0.0000000002 0.0000000002 0.0000000002
0.8000 1 -0.57397507 1 1.0000000026 0.0000000008 0.0000000006 0.0000000005 0.0000000004 0.0000000004 0.0000000003 0.0000000003 0.0000000003 0.0000000002 0.0000000002 0.0000000002 0.0000000002 0.0000000002 0.0000000002 0.0000000002 0.0000000002 0.0000000002
0.8500 1 -0.51792741 1 0.9999999990 0.0000000012 0.0000000008 0.0000000007 0.0000000006 0.0000000006 0.0000000004 0.0000000003 0.0000000003 0.0000000003 0.0000000003 0.0000000003 0.0000000002 0.0000000002 0.0000000002 0.0000000002 0.0000000002 0.0000000002
0.9000 1 -0.46204994 1 0.9999999999 0.0000000010 0.0000000007 0.0000000006 0.0000000005 0.0000000005 0.0000000004 0.0000000003 0.0000000003 0.0000000002 0.0000000002 0.0000000002 0.0000000002 0.0000000002 0.0000000002 0.0000000002 0.0000000002 0.0000000002
0.9500 1 -0.40633646 1 1.0000000010 0.0000000010 0.0000000007 0.0000000006 0.0000000005 0.0000000005 0.0000000004 0.0000000003 0.0000000003 0.0000000003 0.0000000003 0.0000000003 0.0000000002 0.0000000002 0.0000000002 0.0000000002 0.0000000002 0.0000000002
1.0000 1 -0.35078106 1 0.9999999984 0.0000000010 0.0000000007 0.0000000006 0.0000000005 0.0000000005 0.0000000004 0.0000000003 0.0000000002 0.0000000002 0.0000000002 0.0000000002 0.0000000002 0.0000000002 0.0000000002 0.0000000001 0.0000000001 0.0000000001
1.0500 1 -0.29537804 1 0.9999999977 0.0000000010 0.0000000007 0.0000000006 0.0000000005 0.0000000005 0.0000000004 0.0000000003 0.0000000002 0.0000000002 0.0000000002 0.0000000002 0.0000000002 0.0000000002 0.0000000002 0.0000000001 0.0000000001 0.0000000001
1.1000 1 -0.24012195 1 0.9999999991 0.0000000009 0.0000000006 0.0000000005 0.0000000004 0.0000000004 0.0000000003 0.0000000002 0.0000000002 0.0000000002 0.0000000002 0.0000000002 0.0000000002 0.0000000002 0.0000000001 0.0000000001 0.0000000001 0.0000000001
1.1500 1 -0.18500753 1 0.9999999995 0.0000000009 0.0000000006 0.0000000005 0.0000000004 0.0000000004 0.0000000003 0.0000000002 0.0000000002 0.0000000002 0.0000000002 0.0000000002 0.0000000002 0.0000000002 0.0000000001 0.0000000001 0.0000000001 0.0000000001
1.2000 1 -0.13002976 1 0.9999999993 0.0000000009 0.0000000006 0.0000000006 0.0000000005 0.0000000004 0.0000000003 0.0000000003 0.0000000002 0.0000000002 0.0000000002 0.0000000002 0.0000000002 0.0000000002 0.0000000002 0.0000000002 0.0000000001 0.0000000001
1.2500 1 -0.07518381 1 1.0000000003 0.0000000009 0.0000000006 0.0000000005 0.0000000004 0.0000000004 0.0000000003 0.0000000003 0.0000000002 0.0000000002 0.0000000002 0.0000000002 0.0000000002 0.0000000002 0.0000000002 0.0000000002 0.0000000001 0.0000000001
1.3000 1 -0.02046505 1 1.0000000003 0.0000000009 0.0000000006 0.0000000005 0.0000000004 0.0000000004 0.0000000004 0.0000000003 0.0000000002 0.0000000002 0.0000000002 0.0000000002 0.0000000002 0.0000000002 0.0000000002 0.0000000002 0.0000000002 0.0000000001
1.3500 1 0.03413096 1 0.9999999997 0.0000000009 0.0000000007 0.0000000005 0.0000000004 0.0000000004 0.0000000004 0.0000000003 0.0000000002 0.0000000002 0.0000000002 0.0000000002 0.0000000002 0.0000000002 0.0000000002 0.0000000002 0.0000000002 0.0000000002
1.4000 1 0.08860850 1 1.0000000002 0.0000000009 0.0000000007 0.0000000006 0.0000000005 0.0000000005 0.0000000004 0.0000000003 0.0000000002 0.0000000002 0.0000000002 0.0000000002 0.0000000002 0.0000000002 0.0000000002 0.0000000002 0.0000000002 0.0000000002
1.4500 1 0.14297166 1 1.0000000007 0.0000000010 0.0000000007 0.0000000006 0.0000000005 0.0000000005 0.0000000004 0.0000000003 0.0000000002 0.0000000002 0.0000000002 0.0000000002 0.0000000002 0.0000000002 0.0000000002 0.0000000002 0.0000000002 0.0000000002
1.5000 1 0.19722436 1 0.9999999985 0.0000000009 0.0000000007 0.0000000005 0.0000000004 0.0000000004 0.0000000004 0.0000000003 0.0000000002 0.0000000002 0.0000000002 0.0000000002 0.0000000002 0.0000000002 0.0000000002 0.0000000002 0.0000000002 0.0000000002
1.5500 1 0.25137038 1 0.9999999984 0.0000000009 0.0000000007 0.0000000005 0.0000000004 0.0000000004 0.0000000004 0.0000000003 0.0000000002 0.0000000002 0.0000000002 0.0000000002 0.0000000002 0.0000000002 0.0000000002 0.0000000002 0.0000000002 0.0000000002
1.6000 1 0.30541333 1 1.0000000008 0.0000000010 0.0000000007 0.0000000005 0.0000000005 0.0000000005 0.0000000004 0.0000000003 0.0000000002 0.0000000002 0.0000000002 0.0000000002 0.0000000002 0.0000000002 0.0000000002 0.0000000002 0.0000000002 0.0000000002
1.6500 1 0.35935668 1 1.0000000015 0.0000000010 0.0000000008 0.0000000006 0.0000000005 0.0000000005 0.0000000004 0.0000000003 0.0000000003 0.0000000002 0.0000000002 0.0000000002 0.0000000002 0.0000000002 0.0000000002 0.0000000002 0.0000000002 0.0000000002
1.7000 1 0.41320377 1 0.9999999971 0.0000000008 0.0000000007 0.0000000005 0.0000000004 0.0000000004 0.0000000004 0.0000000003 0.0000000002 0.0000000002 0.0000000002 0.0000000002 0.0000000002 0.0000000002 0.0000000002 0.0000000002 0.0000000002 0.0000000002
1.7500 1 0.46695781 1 0.9999999996 0.0000000009 0.0000000007 0.0000000005 0.0000000004 0.0000000004 0.0000000004 0.0000000003 0.0000000002 0.0000000002 0.0000000002 0.0000000002 0.0000000002 0.0000000002 0.0000000002 0.0000000002 0.0000000002 0.0000000002
1.8000 1 0.52062186 1 1.0000000034 0.0000000011 0.0000000008 0.0000000006 0.0000000005 0.0000000005 0.0000000005 0.0000000004 0.0000000003 0.0000000002 0.0000000002 0.0000000002 0.0000000002 0.0000000002 0.0000000002 0.0000000002 0.0000000002 0.0000000002
1.8500 1 0.57419888 1 0.9999999986 0.0000000009 0.0000000007 0.0000000005 0.0000000004 0.0000000004 0.0000000004 0.0000000003 0.0000000003 0.0000000002 0.0000000002 0.0000000002 0.0000000002 0.0000000002 0.0000000002 0.0000000002 0.0000000002 0.0000000002
1.9000 1 0.62769171 1 0.9999999972 0.0000000008 0.0000000006 0.0000000005 0.0000000004 0.0000000004 0.0000000004 0.0000000003 0.0000000002 0.0000000002 0.0000000002 0.0000000002 0.0000000002 0.0000000002 0.0000000002 0.0000000002 0.0000000002 0.0000000002
1.9500 1 0.68110306 1 1.0000000022 0.0000000012 0.0000000010 0.0000000007 0.0000000006 0.0000000006 0.0000000005 0.0000000004 0.0000000004 0.0000000003 0.0000000003 0.0000000003 0.0000000003 0.0000000002 0.0000000002 0.0000000002 0.0000000002 0.0000000002
2.0000 1 0.73443556 1 1.0000000001 0.0000000010 0.0000000008 0.0000000006 0.0000000005 0.0000000005 0.0000000005 0.0000000004 0.0000000003 0.0000000002 0.0000000002 0.0000000002 0.0000000002 0.0000000002 0.0000000002 0.0000000002 0.0000000002 0.0000000002
2.0500 1 0.78769173 1 0.9999999975 0.0000000007 0.0000000006 0.0000000004 0.0000000003 0.0000000003 0.0000000003 0.0000000003 0.0000000002 0.0000000002 0.0000000002 0.0000000002 0.0000000002 0.0000000002 0.0000000002 0.0000000002 0.0000000002 0.0000000002
2.1000 1 0.84087397 1 0.9999999991 0.0000000009 0.0000000007 0.0000000005 0.0000000004 0.0000000004 0.0000000004 0.0000000003 0.0000000003 0.0000000002 0.0000000002 0.0000000002 0.0000000002 0.0000000002 0.0000000002 0.0000000002 0.0000000002 0.0000000002
2.1500 1 0.89398462 1 1.0000000055 0.0000000013 0.0000000011 0.0000000008 0.0000000007 0.0000000006 0.0000000006 0.0000000005 0.0000000004 0.0000000003 0.0000000003 0.0000000003 0.0000000003 0.0000000003 0.0000000002 0.0000000002 0.0000000002 0.0000000002
2.2000 1 0.94702591 1 0.9999999965 0.0000000007 0.0000000006 0.0000000004 0.0000000004 0.0000000003 0.0000000003 0.0000000003 0.0000000002 0.0000000002 0.0000000002 0.0000000002 0.0000000002 0.0000000002 0.0000000002 0.0000000002 0.0000000002 0.0000000002
2.2500 1 1.00000000 1 0.9999999939 0.0000000005 0.0000000005 0.0000000003 0.0000000003 0.0000000003 0.0000000002 0.0000000002 0.0000000002 0.0000000002 0.0000000002 0.0000000002 0.0000000002 0.0000000002 0.0000000002 0.0000000001 0.0000000001 0.0000000001
2.3000 1 1.05290894 1 0.9999999995 0.0000000011 0.0000000009 0.0000000006 0.0000000005 0.0000000005 0.0000000005 0.0000000004 0.0000000003 0.0000000003 0.0000000003 0.0000000003 0.0000000002 0.0000000002 0.0000000002 0.0000000002 0.0000000002 0.0000000002
2.3500 1 1.10575474 1 1.0000000013 0.0000000006 0.0000000005 0.0000000004 0.0000000003 0.0000000003 0.0000000003 0.0000000002 0.0000000002 0.0000000001 0.0000000001 0.0000000001 0.0000000001 0.0000000001 0.0000000001 0.0000000001 0.0000000001 0.0000000001
2.4000 1 1.15853930 1 1.0000000022 0.0000000009 0.0000000007 0.0000000005 0.0000000005 0.0000000004 0.0000000004 0.0000000003 0.0000000003 0.0000000002 0.0000000002 0.0000000002 0.0000000002 0.0000000001 0.0000000001 0.0000000001 0.0000000001 0.0000000001
2.4500 1 1.21126447 1 0.9999999999 0.0000000009 0.0000000007 0.0000000005 0.0000000005 0.0000000004 0.0000000004 0.0000000003 0.0000000003 0.0000000002 0.0000000002 0.0000000002 0.0000000002 0.0000000002 0.0000000001 0.0000000001 0.0000000001 0.0000000001
2.5000 1 1.26393202 1 0.9999999960 0.0000000006 0.0000000005 0.0000000004 0.0000000004 0.0000000003 0.0000000003 0.0000000003 0.0000000002 0.0000000002 0.0000000002 0.0000000001 0.0000000001 0.0000000001 0.0000000001 0.0000000001 0.0000000001 0.0000000001
2.5500 1 1.31654367 1 0.9999999974 0.0000000008 0.0000000006 0.0000000005 0.0000000004 0.0000000004 0.0000000004 0.0000000003 0.0000000003 0.0000000002 0.0000000002 0.0000000002 0.0000000002 0.0000000001 0.0000000001 0.0000000001 0.0000000001 0.0000000001
2.6000 1 1.36910105 1 0.9999999985 0.0000000010 0.0000000008 0.0000000006 0.0000000005 0.0000000005 0.0000000005 0.0000000004 0.0000000003 0.0000000002 0.0000000002 0.0000000002 0.0000000002 0.0000000002 0.0000000001 0.0000000001 0.0000000001 0.0000000001
2.6500 1 1.42160576 1 1.0000000029 0.0000000015 0.0000000012 0.0000000009 0.0000000008 0.0000000007 0.0000000007 0.0000000006 0.0000000005 0.0000000003 0.0000000003 0.0000000003 0.0000000002 0.0000000002 0.0000000002 0.0000000002 0.0000000001 0.0000000001
2.7000 1 1.47405933 1 0.9999999963 0.0000000009 0.0000000007 0.0000000006 0.0000000005 0.0000000004 0.0000000004 0.0000000004 0.0000000003 0.0000000002 0.0000000002 0.0000000002 0.0000000002 0.0000000002 0.0000000001 0.0000000001 0.0000000001 0.0000000001
2.7500 1 1.52646322 1 0.9999999929 0.0000000005 0.0000000005 0.0000000004 0.0000000003 0.0000000003 0.0000000003 0.0000000002 0.0000000002 0.0000000001 0.0000000001 0.0000000001 0.0000000001 0.0000000001 0.0000000001 0.0000000001 0.0000000001 0.0000000000
2.8000 1 1.57881885 1 0.9999999951 0.0000000009 0.0000000007 0.0000000006 0.0000000005 0.0000000005 0.0000000004 0.0000000004 0.0000000003 0.0000000002 0.0000000002 0.0000000002 0.0000000002 0.0000000002 0.0000000001 0.0000000001 0.0000000001 0.0000000001
2.8500 1 1.63112761 1 0.9999999916 0.0000000005 0.0000000004 0.0000000003 0.0000000003 0.0000000003 0.0000000002 0.0000000002 0.0000000002 0.0000000001 0.0000000001 0.0000000001 0.0000000001 0.0000000001 0.0000000001 0.0000000001 0.0000000001 0.0000000000
2.9000 1 1.68339080 1 0.9999999940 0.0000000008 0.0000000007 0.0000000005 0.0000000004 0.0000000004 0.0000000004 0.0000000003 0.0000000003 0.0000000002 0.0000000002 0.0000000002 0.0000000002 0.0000000001 0.0000000001 0.0000000001 0.0000000001 0.0000000001
2.9500 1 1.73560970 1 0.9999999905 0.0000000003 0.0000000003 0.0000000002 0.0000000002 0.0000000002 0.0000000002 0.0000000001 0.0000000001 0.0000000001 0.0000000001 0.0000000001 0.0000000001 0.0000000001 0.0000000001 0.0000000000 0.0000000000 0.0000000000
3.0000 1 1.78778554 1 0.9999999937 0.0000000007 0.0000000006 0.0000000005 0.0000000004 0.0000000004 0.0000000004 0.0000000003 0.0000000003 0.0000000002 0.0000000002 0.0000000002 0.0000000002 0.0000000001 0.0000000001 0.0000000001 0.0000000001 0.0000000001
3.0500 1 1.83991951 1 1.0000000011 0.0000000015 0.0000000013 0.0000000010 0.0000000009 0.0000000008 0.0000000008 0.0000000007 0.0000000006 0.0000000004 0.0000000003 0.0000000003 0.0000000003 0.0000000002 0.0000000002 0.0000000002 0.0000000001 0.0000000001
3.1000 1 1.89201274 1 0.9999999997 0.0000000013 0.0000000011 0.0000000009 0.0000000008 0.0000000007 0.0000000007 0.0000000006 0.0000000005 0.0000000003 0.0000000003 0.0000000003 0.0000000002 0.0000000002 0.0000000002 0.0000000001 0.0000000001 0.0000000001
3.1500 1 1.94406638 1 0.9999999933 0.0000000008 0.0000000007 0.0000000006 0.0000000005 0.0000000005 0.0000000004 0.0000000004 0.0000000003 0.0000000002 0.0000000002 0.0000000002 0.0000000002 0.0000000002 0.0000000002 0.0000000001 0.0000000001 0.0000000001
3.2000 1 1.99608144 1 0.9999999991 0.0000000014 0.0000000012 0.0000000010 0.0000000008 0.0000000008 0.0000000007 0.0000000006 0.0000000006 0.0000000003 0.0000000003 0.0000000003 0.0000000003 0.0000000002 0.0000000002 0.0000000002 0.0000000002 0.0000000001
3.2500 1 2.04805898 1 0.9999999981 0.0000000013 0.0000000011 0.0000000009 0.0000000008 0.0000000007 0.0000000007 0.0000000006 0.0000000005 0.0000000003 0.0000000003 0.0000000003 0.0000000002 0.0000000002 0.0000000002 0.0000000002 0.0000000002 0.0000000001
3.3000 1 2.10000000 1 0.9999999918 0.0000000000 0.0000000000 0.0000000000 0.0000000000 0.0000000000 0.0000000000 0.0000000000 0.0000000000 0.0000000000 0.0000000000 0.0000000000 0.0000000000 0.0000000000 0.0000000000 0.0000000000 0.0000000000 0.0000000000
3.3500 1 2.15190545 1 1.0000000013 0.0000000017 0.0000000015 0.0000000012 0.0000000010 0.0000000010 0.0000000009 0.0000000008 0.0000000007 0.0000000004 0.0000000004 0.0000000003 0.0000000003 0.0000000003 0.0000000003 0.0000000002 0.0000000002 0.0000000001
3.4000 1 2.20377628 1 1.0000000033 0.0000000019 0.0000000016 0.0000000013 0.0000000011 0.0000000011 0.0000000009 0.0000000008 0.0000000008 0.0000000004 0.0000000004 0.0000000004 0.0000000003 0.0000000003 0.0000000003 0.0000000002 0.0000000002 0.0000000001
3.4500 1 2.25561337 1 1.0000000001 0.0000000016 0.0000000014 0.0000000011 0.0000000010 0.0000000009 0.0000000008 0.0000000007 0.0000000007 0.0000000004 0.0000000004 0.0000000003 0.0000000003 0.0000000003 0.0000000003 0.0000000002 0.0000000002 0.0000000001
3.5000 1 2.30741760 1 1.0000000085 0.0000000027 0.0000000023 0.0000000019 0.0000000017 0.0000000015 0.0000000014 0.0000000012 0.0000000011 0.0000000006 0.0000000006 0.0000000005 0.0000000004 0.0000000004 0.0000000004 0.0000000003 0.0000000002 0.0000000001
3.5500 1 2.35918981 1 0.9999999935 0.0000000008 0.0000000007 0.0000000006 0.0000000005 0.0000000005 0.0000000004 0.0000000004 0.0000000003 0.0000000002 0.0000000002 0.0000000002 0.0000000002 0.0000000002 0.0000000002 0.0000000001 0.0000000001 0.0000000001
3.6000 1 2.41093081 1 1.0000000004 0.0000000017 0.0000000015 0.0000000012 0.0000000010 0.0000000010 0.0000000008 0.0000000008 0.0000000007 0.0000000004 0.0000000004 0.0000000003 0.0000000003 0.0000000003 0.0000000003 0.0000000002 0.0000000002 0.0000000001
3.6500 1 2.46264141 1 1.0000000058 0.0000000019 0.0000000013 0.0000000013 0.0000000010 0.0000000008 0.0000000008 0.0000000007 0.0000000006 0.0000000002 0.0000000001 0.0000000001 0.0000000001 0.0000000001 0.0000000001 0.0000000000 0.0000000000 0.0000000000
3.7000 1 2.51432234 1 1.0000000047 0.0000000022 0.0000000019 0.0000000015 0.0000000014 0.0000000013 0.0000000011 0.0000000010 0.0000000009 0.0000000005 0.0000000005 0.0000000004 0.0000000004 0.0000000004 0.0000000003 0.0000000002 0.0000000002 0.0000000001
3.7500 1 2.56597437 1 1.0000000001 0.0000000016 0.0000000014 0.0000000011 0.0000000010 0.0000000010 0.0000000008 0.0000000007 0.0000000007 0.0000000004 0.0000000004 0.0000000003 0.0000000003 0.0000000003 0.0000000003 0.0000000002 0.0000000002 0.0000000001
3.8000 1 2.61759819 1 0.9999999958 0.0000000011 0.0000000010 0.0000000008 0.0000000007 0.0000000006 0.0000000005 0.0000000005 0.0000000005 0.0000000003 0.0000000003 0.0000000002 0.0000000002 0.0000000002 0.0000000002 0.0000000001 0.0000000001 0.0000000001
3.8500 1 2.66919451 1 0.9999999917 0.0000000005 0.0000000005 0.0000000004 0.0000000003 0.0000000003 0.0000000003 0.0000000003 0.0000000002 0.0000000001 0.0000000001 0.0000000001 0.0000000001 0.0000000001 0.0000000001 0.0000000001 0.0000000001 0.0000000000
3.9000 1 2.72076399 1 0.9999999934 0.0000000008 0.0000000008 0.0000000006 0.0000000005 0.0000000005 0.0000000004 0.0000000004 0.0000000004 0.0000000002 0.0000000002 0.0000000002 0.0000000002 0.0000000002 0.0000000002 0.0000000001 0.0000000001 0.0000000001
3.9500 1 2.77230728 1 1.0000000009 0.0000000017 0.0000000015 0.0000000012 0.0000000011 0.0000000010 0.0000000009 0.0000000008 0.0000000007 0.0000000004 0.0000000004 0.0000000004 0.0000000003 0.0000000003 0.0000000003 0.0000000002 0.0000000002 0.0000000001
4.0000 1 2.82382502 1 0.9999999966 0.0000000013 0.0000000011 0.0000000009 0.0000000008 0.0000000008 0.0000000006 0.0000000006 0.0000000005 0.0000000003 0.0000000003 0.0000000003 0.0000000003 0.0000000002 0.0000000002 0.0000000002 0.0000000002 0.0000000001
4.0500 1 2.87531781 1 0.9999999990 0.0000000015 0.0000000014 0.0000000011 0.0000000010 0.0000000009 0.0000000008 0.0000000007 0.0000000007 0.0000000004 0.0000000003 0.0000000003 0.0000000003 0.0000000003 0.0000000003 0.0000000002 0.0000000002 0.0000000001
4.1000 1 2.92678625 1 1.0000000019 0.0000000019 0.0000000017 0.0000000014 0.0000000013 0.0000000012 0.0000000010 0.0000000009 0.0000000008 0.0000000005 0.0000000004 0.0000000004 0.0000000003 0.0000000003 0.0000000003 0.0000000002 0.0000000002 0.0000000001
4.1500 1 2.97823091 1 1.0000000004 0.0000000017 0.0000000016 0.0000000013 0.0000000011 0.0000000011 0.0000000009 0.0000000008 0.0000000008 0.0000000004 0.0000000004 0.0000000004 0.0000000003 0.0000000003 0.0000000003 0.0000000002 0.0000000002 0.0000000001
4.2000 1 3.02965234 1 0.9999999943 0.0000000009 0.0000000008 0.0000000007 0.0000000006 0.0000000006 0.0000000004 0.0000000004 0.0000000004 0.0000000002 0.0000000002 0.0000000002 0.0000000002 0.0000000002 0.0000000002 0.0000000001 0.0000000001 0.0000000001
4.2500 1 3.08105108 1 0.9999999944 0.0000000003 0.0000000002 0.0000000002 0.0000000002 0.0000000001 0.0000000001 0.0000000001 0.0000000001 0.0000000000 0.0000000000 0.0000000000 0.0000000000 0.0000000000 0.0000000000 0.0000000000 0.0000000000 0.0000000000
4.3000 1 3.13242767 1 0.9999999992 0.0000000015 0.0000000014 0.0000000011 0.0000000010 0.0000000009 0.0000000007 0.0000000007 0.0000000007 0.0000000004 0.0000000003 0.0000000003 0.0000000003 0.0000000003 0.0000000003 0.0000000002 0.0000000002 0.0000000001
4.3500 1 3.18378260 1 0.9999999956 0.0000000010 0.0000000010 0.0000000008 0.0000000007 0.0000000007 0.0000000005 0.0000000005 0.0000000005 0.0000000003 0.0000000003 0.0000000002 0.0000000002 0.0000000002 0.0000000002 0.0000000002 0.0000000002 0.0000000001
4.4000 1 3.23511637 1 1.0000000098 0.0000000030 0.0000000027 0.0000000022 0.0000000020 0.0000000019 0.0000000015 0.0000000014 0.0000000013 0.0000000007 0.0000000006 0.0000000006 0.0000000005 0.0000000005 0.0000000005 0.0000000003 0.0000000003 0.0000000001
4.4500 1 3.28642947 1 0.9999999972 0.0000000013 0.0000000012 0.0000000009 0.0000000009 0.0000000008 0.0000000006 0.0000000006 0.0000000006 0.0000000003 0.0000000003 0.0000000003 0.0000000003 0.0000000003 0.0000000002 0.0000000002 0.0000000002 0.0000000001
4.5000 1 3.33772234 1 0.9999999921 0.0000000005 0.0000000005 0.0000000004 0.0000000004 0.0000000003 0.0000000003 0.0000000003 0.0000000002 0.0000000001 0.0000000001 0.0000000001 0.0000000001 0.0000000001 0.0000000001 0.0000000001 0.0000000001 0.0000000000
4.5500 1 3.38899545 1 1.0000000073 0.0000000026 0.0000000023 0.0000000019 0.0000000017 0.0000000016 0.0000000013 0.0000000012 0.0000000011 0.0000000006 0.0000000005 0.0000000005 0.0000000004 0.0000000004 0.0000000004 0.0000000003 0.0000000003 0.0000000001
4.6000 1 3.44024923 1 0.9999999997 0.0000000015 0.0000000014 0.0000000011 0.0000000010 0.0000000010 0.0000000008 0.0000000007 0.0000000007 0.0000000004 0.0000000004 0.0000000003 0.0000000003 0.0000000003 0.0000000003 0.0000000002 0.0000000002 0.0000000001
4.6500 1 3.49148411 1 0.9999999935 0.0000000007 0.0000000007 0.0000000006 0.0000000005 0.0000000005 0.0000000004 0.0000000004 0.0000000003 0.0000000002 0.0000000002 0.0000000002 0.0000000002 0.0000000002 0.0000000002 0.0000000001 0.0000000001 0.0000000001
4.7000 1 3.54270050 1 0.9999999950 0.0000000010 0.0000000009 0.0000000007 0.0000000007 0.0000000006 0.0000000005 0.0000000005 0.0000000004 0.0000000003 0.0000000002 0.0000000002 0.0000000002 0.0000000002 0.0000000002 0.0000000002 0.0000000002 0.0000000001
4.7500 1 3.59389881 1 0.9999999999 0.0000000016 0.0000000015 0.0000000012 0.0000000011 0.0000000011 0.0000000008 0.0000000008 0.0000000007 0.0000000004 0.0000000004 0.0000000004 0.0000000003 0.0000000003 0.0000000003 0.0000000002 0.0000000002 0.0000000001
4.8000 1 3.64507943 1 0.9999999941 0.0000000008 0.0000000008 0.0000000006 0.0000000006 0.0000000005 0.0000000004 0.0000000004 0.0000000004 0.0000000002 0.0000000002 0.0000000002 0.0000000002 0.0000000002 0.0000000002 0.0000000001 0.0000000001 0.0000000001
4.8500 1 3.69624272 1 0.9999999968 0.0000000013 0.0000000012 0.0000000009 0.0000000009 0.0000000008 0.0000000006 0.0000000006 0.0000000006 0.0000000003 0.0000000003 0.0000000003 0.0000000003 0.0000000003 0.0000000003 0.0000000002 0.0000000002 0.0000000001
4.9000 1 3.74738908 1 0.9999999930 0.0000000006 0.0000000006 0.0000000005 0.0000000004 0.0000000004 0.0000000003 0.0000000003 0.0000000003 0.0000000002 0.0000000002 0.0000000002 0.0000000001 0.0000000001 0.0000000001 0.0000000001 0.0000000001 0.0000000001
4.9500 1 3.79851884 1 0.9999999931 0.0000000000 0.0000000000 0.0000000000 0.0000000000 0.0000000000 0.0000000000 0.0000000000 0.0000000000 0.0000000000 0.0000000000 0.0000000000 0.0000000000 0.0000000000 0.0000000000 0.0000000000 0.0000000000 0.0000000000
5.0000 1 3.84963237 1 1.0000000013 0.0000000036 0.0000000035 0.0000000024 0.0000000023 0.0000000022 0.0000000017 0.0000000017 0.0000000015 0.0000000011 0.0000000011 0.0000000011 0.0000000011 0.0000000011 0.0000000011 0.0000000011 0.0000000010 0.0000000008
