B rank energy bp_bound eig1 eig2 eig3 eig4 eig5 eig6 eig7 eig8
0.0500 4 0.53333325 1 0.6871998004 0.1638042866 0.1054730477 0.0435228696 0.0000000000 0.0000000000 0.0000000000 0.0000000000
0.1000 4 0.56666652 1 0.6754604727 0.1834287928 0.0961144216 0.0449963065 0.0000000000 0.0000000000 0.0000000000 0.0000000000
0.1500 4 0.59999969 1 0.5686426123 0.2414405556 0.1380996537 0.0518171802 0.0000000000 0.0000000000 0.0000000000 0.0000000000
0.2000 4 0.63333322 1 0.6497698861 0.1951002237 0.1144765204 0.0406533694 0.0000000000 0.0000000000 0.0000000000 0.0000000000
0.2500 4 0.66666601 1 0.5046422668 0.2754551538 0.1734798428 0.0464227371 0.0000000000 0.0000000000 0.0000000000 0.0000000000
0.3000 4 0.69999927 1 0.6168656047 0.1721103258 0.1558453649 0.0551787657 0.0000000000 0.0000000000 0.0000000000 0.0000000000
0.3500 4 0.73333266 1 0.7018722552 0.1674397046 0.0938225480 0.0368654917 0.0000000000 0.0000000000 0.0000000000 0.0000000000
0.4000 4 0.76666572 1 0.6168848089 0.2149933051 0.1212415809 0.0468803049 0.0000000000 0.0000000000 0.0000000000 0.0000000000
0.4500 0 0.79999805 1 0.0000000000 0.0000000000 0.0000000000 0.0000000000 0.0000000000 0.0000000000 0.0000000000 0.0000000000
0.5000 4 0.83333126 1 0.5801211381 0.2350525885 0.1345479348 0.0502783400 0.0000000000 0.0000000000 0.0000000000 0.0000000000
0.5500 4 0.86666522 1 0.7039370029 0.1679770538 0.0881971056 0.0398888379 0.0000000000 0.0000000000 0.0000000000 0.0000000000
0.6000 4 0.89999923 1 0.7347239294 0.1504040684 0.0791446429 0.0357273591 0.0000000000 0.0000000000 0.0000000000 0.0000000000
0.6500 4 0.93333267 1 0.7639132158 0.1329931543 0.0730958267 0.0299978038 0.0000000000 0.0000000000 0.0000000000 0.0000000000
0.7000 4 0.96666534 1 0.7716869363 0.1280421917 0.0724290369 0.0278418355 0.0000000000 0.0000000000 0.0000000000 0.0000000000
0.7500 4 0.99999835 1 0.6839594072 0.1780938383 0.0976249483 0.0403218064 0.0000000000 0.0000000000 0.0000000000 0.0000000000
0.8000 4 1.03333269 1 0.4820197226 0.2688502480 0.1902078329 0.0589221966 0.0000000000 0.0000000000 0.0000000000 0.0000000000
0.8500 4 1.06666437 1 0.7830329429 0.1216193501 0.0690723079 0.0262753999 0.0000000000 0.0000000000 0.0000000000 0.0000000000
0.9000 4 1.09999757 1 0.7488326192 0.1407197057 0.0801724607 0.0302752141 0.0000000000 0.0000000000 0.0000000000 0.0000000000
0.9500 0 1.13333117 1 0.0000000000 0.0000000000 0.0000000000 0.0000000000 0.0000000000 0.0000000000 0.0000000000 0.0000000000
1.0000 4 1.16666337 1 0.6263092818 0.2089417214 0.1205055033 0.0442434936 0.0000000000 0.0000000000 0.0000000000 0.0000000000
1.0500 4 1.19999994 1 0.8065599953 0.1088231862 0.0603695250 0.0242472937 0.0000000000 0.0000000000 0.0000000000 0.0000000000
1.1000 4 1.23333249 1 0.7620489932 0.1172356523 0.0713590264 0.0493563302 0.0000000000 0.0000000000 0.0000000000 0.0000000000
1.1500 4 1.26666652 1 0.7290539680 0.1516969742 0.0867820781 0.0324669797 0.0000000000 0.0000000000 0.0000000000 0.0000000000
1.2000 4 1.29999697 1 0.7857389346 0.1200814009 0.0682785928 0.0259010717 0.0000000000 0.0000000000 0.0000000000 0.0000000000
1.2500 4 1.33333261 1 0.8247108776 0.0992531359 0.0527807264 0.0232552604 0.0000000000 0.0000000000 0.0000000000 0.0000000000
1.3000 4 1.36666500 1 0.5837842057 0.2329125991 0.1336407272 0.0496624687 0.0000000000 0.0000000000 0.0000000000 0.0000000000
1.3500 4 1.39999952 1 0.6510560084 0.1957889018 0.1105137182 0.0426413723 0.0000000000 0.0000000000 0.0000000000 0.0000000000
1.4000 4 1.43333026 1 0.6040059385 0.2201967529 0.1310425023 0.0447548076 0.0000000000 0.0000000000 0.0000000000 0.0000000000
1.4500 4 1.46666623 1 0.7625988301 0.1335702591 0.0740831318 0.0297477790 0.0000000000 0.0000000000 0.0000000000 0.0000000000
1.5000 4 1.49999683 1 0.7276115229 0.1530413822 0.0856478821 0.0336992136 0.0000000000 0.0000000000 0.0000000000 0.0000000000
1.5500 4 1.53332958 1 0.5632059298 0.2445559460 0.1388996493 0.0533384776 0.0000000000 0.0000000000 0.0000000000 0.0000000000
1.6000 4 1.56666480 1 0.7368132056 0.1481825586 0.0818059479 0.0331982879 0.0000000000 0.0000000000 0.0000000000 0.0000000000
1.6500 4 1.59999762 1 0.8237344034 0.0992553674 0.0547592149 0.0222510145 0.0000000000 0.0000000000 0.0000000000 0.0000000000
1.7000 4 1.63332764 1 0.5568734498 0.2476891384 0.1431810091 0.0522564024 0.0000000000 0.0000000000 0.0000000000 0.0000000000
1.7500 0 1.66666185 1 0.0000000000 0.0000000000 0.0000000000 0.0000000000 0.0000000000 0.0000000000 0.0000000000 0.0000000000
1.8000 4 1.69999700 1 0.7065195673 0.1637160058 0.0958084337 0.0339559932 0.0000000000 0.0000000000 0.0000000000 0.0000000000
1.8500 4 1.73333166 1 0.8169036639 0.1036248309 0.0552518080 0.0242196976 0.0000000000 0.0000000000 0.0000000000 0.0000000000
1.9000 4 1.76666573 1 0.6179011777 0.2150779665 0.1189653084 0.0480555478 0.0000000000 0.0000000000 0.0000000000 0.0000000000
1.9500 4 1.79999886 1 0.8048003931 0.1105034202 0.0587811161 0.0259150701 0.0000000000 0.0000000000 0.0000000000 0.0000000000
2.0000 4 1.83332828 1 0.6850513812 0.1759097033 0.1021088383 0.0369300727 0.0000000000 0.0000000000 0.0000000000 0.0000000000
2.0500 4 1.86666329 1 0.7463596679 0.1426856058 0.0792194734 0.0317352529 0.0000000000 0.0000000000 0.0000000000 0.0000000000
2.1000 4 1.89999512 1 0.5719384033 0.2393833974 0.1379545481 0.0507236485 0.0000000000 0.0000000000 0.0000000000 0.0000000000
2.1500 4 1.93332918 1 0.5777540838 0.2358926749 0.1365436185 0.0498096237 0.0000000000 0.0000000000 0.0000000000 0.0000000000
2.2000 4 1.96666325 1 0.7852946772 0.1203379932 0.0683932640 0.0259740653 0.0000000000 0.0000000000 0.0000000000 0.0000000000
2.2500 4 1.99999157 1 0.7911211290 0.1175655101 0.0650602903 0.0262530725 0.0000000000 0.0000000000 0.0000000000 0.0000000000
2.3000 4 2.03332732 1 0.5895705714 0.2312893752 0.1269008049 0.0522392490 0.0000000000 0.0000000000 0.0000000000 0.0000000000
2.3500 4 2.06666012 1 0.7659554574 0.1312682686 0.0742825118 0.0284937634 0.0000000000 0.0000000000 0.0000000000 0.0000000000
2.4000 4 2.09999381 1 0.7120475668 0.1627486807 0.0876381214 0.0375656289 0.0000000000 0.0000000000 0.0000000000 0.0000000000
2.4500 4 2.13333038 1 0.7200978779 0.1570336743 0.0887016945 0.0341667402 0.0000000000 0.0000000000 0.0000000000 0.0000000000
2.5000 4 2.16666206 1 0.7778264215 0.1207765058 0.0814218899 0.0199752054 0.0000000000 0.0000000000 0.0000000000 0.0000000000
2.5500 4 2.19999448 1 0.7798632273 0.1238676152 0.0686682456 0.0276009119 0.0000000000 0.0000000000 0.0000000000 0.0000000000
2.6000 4 2.23332931 1 0.5575417711 0.2507056639 0.1328001708 0.0589523941 0.0000000000 0.0000000000 0.0000000000 0.0000000000
2.6500 0 2.26665763 1 0.0000000000 0.0000000000 0.0000000000 0.0000000000 0.0000000000 0.0000000000 0.0000000000 0.0000000000
2.7000 4 2.29999628 1 0.6095644964 0.2178712447 0.1272526824 0.0453115756 0.0000000000 0.0000000000 0.0000000000 0.0000000000
2.7500 4 2.33332794 1 0.6345136613 0.2041697453 0.1184354348 0.0428811580 0.0000000000 0.0000000000 0.0000000000 0.0000000000
2.8000 4 2.36666562 1 0.7191054969 0.1580055976 0.0877499612 0.0351389408 0.0000000000 0.0000000000 0.0000000000 0.0000000000
2.8500 4 2.39999571 1 0.8235779646 0.0997491072 0.0535927737 0.0230801544 0.0000000000 0.0000000000 0.0000000000 0.0000000000
2.9000 4 2.43332939 1 0.6697116205 0.1842782788 0.1077396816 0.0382704192 0.0000000000 0.0000000000 0.0000000000 0.0000000000
2.9500 4 2.46666310 1 0.5576226441 0.2464841130 0.1452910721 0.0506021568 0.0000000000 0.0000000000 0.0000000000 0.0000000000
3.0000 4 2.49999777 1 0.6229770117 0.2097319470 0.1234041966 0.0438868599 0.0000000000 0.0000000000 0.0000000000 0.0000000000
3.0500 4 2.53333185 1 0.7993852318 0.1124906591 0.0637550798 0.0243690287 0.0000000000 0.0000000000 0.0000000000 0.0000000000
3.1000 4 2.56666468 1 0.7375538361 0.1474876129 0.0824202474 0.0325383036 0.0000000000 0.0000000000 0.0000000000 0.0000000000
3.1500 4 2.59999141 1 0.6810524241 0.1788428657 0.1013658847 0.0387388252 0.0000000000 0.0000000000 0.0000000000 0.0000000000
3.2000 4 2.63332584 1 0.5191935224 0.2695602172 0.1528475456 0.0583987139 0.0000000000 0.0000000000 0.0000000000 0.0000000000
3.2500 4 2.66665964 1 0.7886392044 0.1190685305 0.0655135044 0.0267787608 0.0000000000 0.0000000000 0.0000000000 0.0000000000
3.3000 4 2.69999463 1 0.6661153721 0.1879966195 0.1037799746 0.0421080330 0.0000000000 0.0000000000 0.0000000000 0.0000000000
3.3500 4 2.73332188 1 0.6097810879 0.2185687443 0.1247263498 0.0469238188 0.0000000000 0.0000000000 0.0000000000 0.0000000000
3.4000 4 2.76665830 1 0.6593658432 0.1908444845 0.1087344914 0.0410551810 0.0000000000 0.0000000000 0.0000000000 0.0000000000
3.4500 4 2.79998519 1 0.7052411533 0.1647036248 0.0953628733 0.0346923569 0.0000000000 0.0000000000 0.0000000000 0.0000000000
3.5000 4 2.83332773 1 0.7292095764 0.1522412176 0.0848554104 0.0336937957 0.0000000000 0.0000000000 0.0000000000 0.0000000000
3.5500 4 2.86666174 1 0.5596668768 0.2460835566 0.1424096803 0.0518398860 0.0000000000 0.0000000000 0.0000000000 0.0000000000
3.6000 4 2.89999412 1 0.7780762659 0.1242238267 0.0711723050 0.0265276024 0.0000000000 0.0000000000 0.0000000000 0.0000000000
3.6500 4 2.93332762 1 0.6852548782 0.1757147644 0.1023569479 0.0366734097 0.0000000000 0.0000000000 0.0000000000 0.0000000000
3.7000 0 2.96665791 1 0.0000000001 0.0000000000 0.0000000000 0.0000000000 0.0000000000 0.0000000000 0.0000000000 0.0000000000
3.7500 4 2.99999602 1 0.9158058044 0.0496887255 0.0193142731 0.0151911973 0.0000000000 0.0000000000 0.0000000000 0.0000000000
3.8000 4 3.03332513 1 0.5434743295 0.2615024955 0.1285237371 0.0664994371 0.0000000000 0.0000000000 0.0000000000 0.0000000000
3.8500 4 3.06666006 1 0.7204533806 0.1567176610 0.0889397136 0.0338892449 0.0000000000 0.0000000000 0.0000000000 0.0000000000
3.9000 4 3.09999414 1 0.7408462168 0.1464486837 0.0789608053 0.0337442943 0.0000000000 0.0000000000 0.0000000000 0.0000000000
3.9500 4 3.13332329 1 0.7313480897 0.1514790021 0.0828666065 0.0343063014 0.0000000000 0.0000000000 0.0000000000 0.0000000000
4.0000 4 3.16666330 1 0.7932180435 0.1165298013 0.0639721568 0.0262799982 0.0000000000 0.0000000000 0.0000000000 0.0000000000
4.0500 4 3.19999243 1 0.7520352250 0.1393049121 0.0780138427 0.0306460208 0.0000000000 0.0000000000 0.0000000000 0.0000000000
4.1000 4 3.23332563 1 0.7810624187 0.1225571150 0.0702007658 0.0261797009 0.0000000000 0.0000000000 0.0000000000 0.0000000000
4.1500 4 3.26665668 1 0.6423629610 0.2001357663 0.1148552336 0.0426460397 0.0000000000 0.0000000000 0.0000000000 0.0000000000
4.2000 4 3.29999772 1 0.7038590041 0.1670647360 0.0910863516 0.0379899084 0.0000000000 0.0000000000 0.0000000000 0.0000000000
4.2500 4 3.33333077 1 0.6348334819 0.2038216162 0.1188585822 0.0424863191 0.0000000000 0.0000000000 0.0000000000 0.0000000000
4.3000 0 3.36665476 1 0.0000000000 0.0000000000 0.0000000000 0.0000000000 0.0000000000 0.0000000000 0.0000000000 0.0000000000
4.3500 4 3.39998797 1 0.5869404804 0.2330886046 0.1268529667 0.0531179482 0.0000000000 0.0000000000 0.0000000000 0.0000000000
4.4000 4 3.43332636 1 0.6789840836 0.1819462997 0.0961908996 0.0428787165 0.0000000000 0.0000000000 0.0000000000 0.0000000000
4.4500 4 3.46666227 1 0.7338523837 0.1501610244 0.0818126189 0.0341739729 0.0000000000 0.0000000000 0.0000000000 0.0000000000
4.5000 4 3.49999548 1 0.7427689796 0.1448480201 0.0799176801 0.0324653203 0.0000000000 0.0000000000 0.0000000000 0.0000000000
4.5500 4 3.53332430 1 0.8090749454 0.1083129120 0.0569097864 0.0257023560 0.0000000000 0.0000000000 0.0000000000 0.0000000000
4.6000 0 3.56665476 1 0.0000000000 0.0000000000 0.0000000000 0.0000000000 0.0000000000 0.0000000000 0.0000000000 0.0000000000
4.6500 4 3.59999956 1 0.7948448068 0.1160140368 0.0622663068 0.0268748498 0.0000000000 0.0000000000 0.0000000000 0.0000000000
4.7000 4 3.63332840 1 0.9241667478 0.0466564999 0.0174785359 0.0116982165 0.0000000000 0.0000000000 0.0000000000 0.0000000000
4.7500 4 3.66666105 1 0.6204404684 0.2154950037 0.1126280080 0.0514365196 0.0000000000 0.0000000000 0.0000000000 0.0000000000
4.8000 4 3.69998969 1 0.7528907366 0.1384901348 0.0787482093 0.0298709195 0.0000000000 0.0000000000 0.0000000000 0.0000000000
4.8500 4 3.73332875 1 0.7029589709 0.1659264396 0.0962995993 0.0348149902 0.0000000000 0.0000000000 0.0000000000 0.0000000000
4.9000 4 3.76666186 1 0.9102982880 0.0534702061 0.0189893841 0.0172421212 0.0000000000 0.0000000000 0.0000000000 0.0000000000
4.9500 4 3.79999618 1 0.7917553630 0.1170772149 0.0652562616 0.0259111604 0.0000000000 0.0000000000 0.0000000000 0.0000000000
5.0000 4 3.83332305 1 0.6802729899 0.1777078153 0.1063305530 0.0356886416 0.0000000000 0.0000000000 0.0000000000 0.0000000000
